image_00000 657 458 710 515
image_00001 656 456 708 516
image_00002 663 460 711 517
image_00003 663 461 712 519
image_00004 667 461 712 515
image_00005 667 458 718 514
image_00006 671 456 717 515
image_00007 667 458 718 514
image_00008 664 451 720 512
image_00009 661 449 721 516
image_00010 664 450 720 514
image_00011 662 446 715 513
image_00012 654 448 718 517
image_00013 651 442 720 518
image_00014 648 443 720 521
image_00015 650 443 719 522
image_00016 652 442 733 522
image_00017 647 436 733 522
image_00018 648 437 742 531
image_00019 652 435 746 524
image_00020 646 435 742 523
image_00021 644 429 752 525
image_00022 644 431 749 526
image_00023 642 428 748 525
image_00024 645 427 759 527
image_00025 646 427 760 526
image_00026 643 428 758 524
image_00027 639 432 759 527
image_00028 643 426 762 528
image_00029 643 427 765 531
image_00030 643 427 759 527
image_00031 686 420 758 527
image_00032 690 424 761 531
image_00033 691 426 760 531
image_00034 688 428 764 531
image_00035 698 427 755 537
image_00036 699 428 762 529
image_00037 699 429 761 528
image_00038 701 428 762 526
image_00039 702 428 763 523
image_00040 702 431 768 527
image_00041 702 433 763 531
image_00042 699 427 773 519
image_00043 699 431 767 524
image_00044 702 430 774 522
image_00045 704 427 777 522
image_00046 705 423 776 478
image_00047 715 426 774 473
image_00048 715 423 773 472
image_00049 716 423 773 469
image_00050 716 423 777 469
image_00051 718 418 771 462
image_00052 724 424 771 459
image_00053 726 421 778 466
image_00054 726 420 774 458
image_00055 730 423 772 457
image_00056 729 423 773 453
image_00057 734 425 769 454
image_00058 734 422 767 455
image_00059 737 422 769 449
image_00060 736 422 764 449
image_00061 736 423 758 445
image_00062 735 421 768 448
image_00063 730 416 761 447
